scores: [0.8709403712277813, 0.8532072563354542, 0.8690929833261632, 0.8718746333297231, 0.7870515735142225, 0.941952859364066, 0.8267583073553745, 0.8432626990397261, 0.8609308289759408, 0.9113464093156143, 0.8072666928694539, 0.913804479131703, 0.8569362609120412, 0.8817425635137071, 0.8556353448305287, 0.8271435732903683, 0.9958214053898891, 0.8701435004487046, 0.8381381981631495, 0.9908895756829225]
evaluation_score: 0.874
cost: 0.40882000000000007
